0.0550259929622863
0.0573746705645936
0.06919830363171196
0.07189204916410587
0.07436471234346456
0.07472155888801885
0.07769004938237412
0.07947874004658227
0.08013023861528626
0.08263275551887798
0.08405561780754889
0.08439902752248979
0.08703200269494131
0.08737377364594846
0.08851760423778152
0.08984635287498854
0.09149949260344187
0.09334142913713687
0.09487383084753584
0.09507984617118821
0.09632258698621589
0.09640117274797297
0.09864517629916152
0.09886036879826546
0.1043051157847192
0.10620750384495643
0.10925128825233174
0.11061577858895592
0.11103840403998111
0.11171253547938437
0.11248353804797626
0.11427557256138525
0.11640420103747255
0.11762565002752176
0.1189793266296367
0.11922026040229904
0.12098759862151927
0.12131444091164785
0.12305036145100859
0.12407141980651895
0.12569806965435662
0.1258893522574051
0.12726145072387607
0.1276395317552313
0.12825132475949316
0.13008784928332118
0.13081632443971133
0.13314992567482173
0.13659115499142557
0.13675432496164305
0.13684436949303722
0.13800723732944223
0.13864603367074402
0.13960870161927885
0.13980052695095818
0.14057755184942272
0.14254532922329452
0.142957712799007
0.14458641060828878
0.14479863940254847
0.14499995976919097
0.15108315911061287
0.15287601229128242
0.15547065933640214
0.1554832544853115
0.1579511043180607
0.15800508544750383
0.15923669308986158
0.16407155845696927
0.16605103595132473
0.16837410779970718
0.1745654331412437
0.18111521180049944
0.19170005569974433
0.21616032266229745
0.22256661295450716
0.30637567954606415
