0.0013655973869917122
0.006498234134814028
5.627670707367491E-4
1.2919281067077916E-4
9.317302462635199E-4
8.177057257757974E-4
6.541861243397821E-4
8.269773740833627E-5
6.924245658770345E-4
7.879944932344049E-4
4.7106881080112166E-4
1.867629083082148E-5
1.0485746047392607E-4
0.001108588154909364
8.777936912081946E-4
0.0014986954267206672
4.92669656053062E-4
4.13384544245255E-4
9.890243831862117E-4
2.1250286289104783E-4
7.802239999516495E-4
0.0010583594513028124
0.005034118754424837
1.1389975304363476E-4
2.159411915609897E-4
0.0010998727418818305
0.002672854706615658
5.959222533037559E-4
3.003263998363735E-4
4.1487472339468576E-4
5.822425612235195E-4
2.057642534865151E-4
1.9914469056364872E-4
2.6668615972163287E-4
6.454979168711576E-4
6.814930347165196E-4
0.0016366147905038809
4.4392098632269744E-4
0.001399065195017776
2.1569555243825938E-4
2.597838545376476E-4
5.56745750348788E-4
0.001177240230529633
0.00311349789340951
1.421353227889816E-4
7.338182392991211E-4
6.554624560306678E-4
2.2537395146795747E-4
3.2221498798666576E-4
2.1788919839846527E-4
7.87801212255063E-4
7.845727886381645E-5
0.0014573950055245147
2.0765456106017926E-4
8.107418381031025E-4
2.972278886361027E-4
3.1103854498416575E-5
2.2216400770875384E-4
1.3426939797917304E-4
4.3073353981740035E-4
7.867179909677045E-4
3.0052708197665114E-4
8.991347715604415E-4
0.0020314205139642166
1.329510219588428E-4
1.395542064913454E-4
8.973727956579668E-4
2.876424592763692E-4
5.617655207051095E-4
3.313169382965334E-4
5.599357791000156E-4
6.005450176750762E-4
4.013954769655444E-4
6.12846570705065E-4
3.170886194402302E-4
0.0024230355831102073
4.212702666859299E-4
4.883379295498299E-4
1.8893605355305412E-4
8.98681103793938E-4
0.002002768962286137
5.827979743169894E-4
5.755490089780119E-4
0.004304702496407978
2.2326026393548144E-4
8.566093033298718E-4
8.910414872715729E-5
4.79420654852257E-5
9.790181609666247E-4
1.093222396884472E-4
9.024078352590627E-4
8.366490420223263E-4
0.0021804096307250697
1.2919193217892126E-4
0.0010514099099426365
0.0017434169634138897
2.44367954081355E-4
9.32804323153652E-4
0.0023432511296271707
6.959596223530828E-5
9.441907094365003E-4
0.0010181794301149874
1.3490834484351736E-5
2.645938279770991E-5
1.552722917736144E-4
2.61389009809293E-4
1.4281922284829524E-4
5.835473870249318E-4
0.0016623227100066107
7.632042888168575E-4
3.3982948090554644E-4
6.577901501370642E-4
1.0474849596336171E-4
9.908536907379922E-5
8.956525563467687E-4
2.851063365133006E-4
0.0015917126991646113
0.004063057901919976
3.002841227107463E-4
5.719222445830383E-4
5.757989785462861E-4
3.699721055683789E-4
4.270426474722605E-4
0.0011359930842652875
9.515358130496333E-5
9.608322017577808E-4
3.217634078874605E-4
2.5253068395500336E-4
7.525326818016367E-4
0.0011892691200737
8.046534105977443E-4
0.003912297383165022
3.3005845426213744E-4
3.9081952849383494E-4
8.927048889247907E-4
2.891262721458358E-4
1.1845779551043339E-4
8.23002592375601E-4
7.608349678622041E-4
2.0365512531540228E-4
2.0380502370649376E-4
1.6374973894399533E-4
1.8663088594014044E-4
8.538654937528234E-5
4.511752980894392E-4
2.181844938152842E-4
2.1360035245151417E-4
1.3775765371468058E-4
4.728347491137896E-4
3.73327999913504E-4
1.7980869774701422E-4
1.9387298801060634E-4
6.275736398291688E-5
0.002064420676568561
0.0015759274584597033
0.0017309383116748138
8.274944186561419E-4
1.3149678000714542E-4
3.0667620209694083E-4
0.0010932511715002196
1.4456023965941402E-4
1.4331380526213237E-4
9.993053152603198E-5
1.1133886062266935E-4
5.416872033993281E-4
3.2177671295640964E-4
4.621733544193851E-4
8.345952676372435E-4
2.9042843872787073E-4
1.4799563586952627E-4
7.920148398308838E-4
0.0010767231071649955
2.7524892417711344E-4
3.487698480726598E-4
9.412193832137975E-4
0.0012710203804466593
4.567582019230516E-4
2.6784275553882477E-4
2.6993982309593046E-4
4.97365976672689E-4
7.291761388751409E-4
1.2128421394264473E-4
1.3301183860890087E-4
0.003022907899958829
3.6651618055762267E-4
6.892396846828024E-5
0.0010595698339432465
5.09483025149362E-4
1.8727268837768986E-4
4.774101965914618E-4
0.001128714652407037
6.145177217277761E-4
3.189904694982372E-4
4.697655383313034E-4
4.648199255999966E-4
4.6091731937805436E-4
8.959830129412784E-4
0.0012234387874470378
2.951628874741979E-4
7.488564434833093E-4
0.0010870538196255885
5.087690344041078E-4
0.0018985202082344832
9.94188125392268E-4
0.0014229691725511418
0.0015865806489807248
7.840630760463924E-5
0.0021608896315438836
7.111329018989393E-5
7.54136193241091E-4
7.445874303928262E-5
3.034657776648684E-4
0.001183145194981176
0.0012561464902715494
8.26057152225629E-4
0.0011494018515978601
2.2166248151966127E-4
4.638194117461816E-4
9.830980057054573E-4
4.867021614399446E-4
0.0011207678116723053
2.601698148014726E-4
9.100369129906125E-4
1.1331307727481241E-4
5.60458825810484E-4
0.001448130294862208
6.345031098497027E-4
0.001656496841954928
1.2382674659925543E-4
1.1132947897983383E-4
2.1099232391588962E-4
2.3559313128302103E-4
1.4214024955216712E-4
1.481241176507172E-4
4.197284679028637E-4
2.2954529986290447E-4
2.084951915472799E-4
2.298807178129112E-4
2.4399244851680663E-4
0.001277154330097466
4.058044861151111E-4
0.0010015579629477185
4.98915598390309E-4
4.0287255808813785E-4
8.121898209145544E-4
3.422794305305554E-4
6.735661671566539E-4
2.715156595028711E-4
1.2807661914015104E-4
4.268887098201463E-4
0.0011989708646198303
0.0012759694403578954
1.0026337750901514E-4
5.947177800784188E-4
2.630662694838958E-4
2.3511893705208402E-4
3.048080649732439E-4
5.841664136472969E-4
9.469027927682318E-4
9.349364464079816E-4
7.391139798999432E-5
1.9811833384365986E-4
1.6158998770455832E-4
