0.028889190763836583
0.03254821449897324
0.03415802750162879
0.03518863001786159
0.04709783850768802
0.050436876211955896
0.05104389097103388
0.05591263837778052
0.056694417575300055
0.06664175795722323
0.0667188776080431
0.08027682821641144
0.08027941229191936
0.08201542853577291
0.08277568268358171
0.08624168941834182
0.09239836087021637
0.09758074327501177
0.09884917904473729
0.11107286267948695
0.11110666509681896
0.11229566368586728
0.1144297704008859
0.11594043293880056
0.1176810022618012
0.11957903771236282
0.11995865985471653
0.12223285796506107
0.12441089889871121
0.12878871273110828
0.13199892268284355
0.1329868463688803
0.1336174114336847
0.13536583164701446
0.137406093110552
0.13791590626890857
0.13834962401017512
0.1385578577743318
0.14134365542281382
0.14463509229763677
0.14672616039587671
0.1492137760792192
0.15012734083553866
0.1534844804042286
0.15744129195383771
0.15926611261820162
0.16084749375620305
0.16298837913413466
0.16300732342104168
0.16685333626009852
0.1694355977235002
0.16974654563132485
0.17187720487539204
0.17843314245828154
0.18436343484682552
0.18551683076712402
0.19065379709208716
0.19083971755632545
0.19085239595868586
0.1963428557443797
0.196648925234686
0.20100637184806902
0.20122972606384035
0.20235008632695745
0.2043030065124097
0.20439101282725275
0.2071735383488609
0.21221196141360732
0.21647904941869472
0.21705201302885696
0.218526224902484
0.23129016624372156
0.2454390872829502
0.2548162505891518
0.26797176635116315
0.2742841831451869
0.3659364414406441
