0.00017028325324268696
0.00017085770813556473
0.00020046991616370872
0.0002780922667648254
0.00027962035564404374
0.00029261580341554343
0.00031942178927760396
0.00032874410333899476
0.0003291759420861383
0.0003504537974636887
0.0003636864347056938
0.0003970283763838677
0.0004263995597063467
0.0004538952757060328
0.0004632396386967215
0.0004668873385885899
0.0004881244859138617
0.0004890111078239464
0.0004908500430985524
0.0005013216793284654
0.0005175561368349612
0.0005402585712918796
0.0005429494515678497
0.0005576454223446465
0.0005629105395622172
0.0005755100987061772
0.0005816582967707609
0.0005869749329538353
0.0005929323122554735
0.0006167374110910575
0.0006546562644649864
0.0006568039639111889
0.0007094070673743329
0.0007157968327309184
0.000720042151502536
0.000759468691229442
0.000764001309369976
0.0007728517580441461
0.0008004438279348558
0.0008213690586363211
0.0008228658396224714
0.0008277122730935417
0.0008280548212556354
0.0008365337067677287
0.0008617058333185521
0.0008796888731413097
0.0008847861341209696
0.0008905024422606236
0.0008922944203113947
0.0008997264440623825
0.000901453981275379
0.0009040059391919104
0.0009230990220114934
0.0009378263326918922
0.0009880640421474577
0.0009886719703853179
0.0009936912222338794
0.000994293659010988
0.0009980793034427336
0.0010089020162729026
0.0010128202844884402
0.0010449759893032718
0.0010564789883594297
0.0011001642470740312
0.001111682454217675
0.001186423416927553
0.0012309532937831121
0.0012858100240004827
0.0012889745129195476
0.0013497947838216492
0.0013551840364681364
0.0013621619192473058
0.0014658303008056016
0.0015968995972134793
0.002008260910945763
0.0030522425001837266
